AUC:0.9081   Time:134.1134   Test_acc:0.8575
pos_score_value_one:[0.7340715  0.26592848]
prediction_one:0
