l1: 3
"l2": 2
"h1": 32
"h2": 24
"dpl0": 0.30000000000000004
"dpl1": 0.7000000000000001
"dpe": 0.5
"dp10": 0.0
"dp11": 0.2
"dp2": 0.2
"a1": true
"a2": true